<?xml version="1.0" encoding="utf-8"?><svg xmlns="http://www.w3.org/2000/svg" xmlns:xlink="http://www.w3.org/1999/xlink" width="1920" height="969" preserveAspectRatio="xMidYMid" viewBox="0 0 1920 969" style="z-index:1;margin-right:-2px;display:block;background-repeat-y:initial;background-repeat-x:initial;background-color:rgb(48, 48, 48);animation-play-state:running" ><g transform="" style="animation-play-state:running" ><style type="text/css" style="animation-play-state:running" >@keyframes ld-fall {
    0% { transform: translate(0,0px) rotate3d(1,1,1,0deg); }
    100% { transform: translate(0,969px) rotate3d(1,1,1,1080deg) ; }
  }
  .ld.ld-fall {
    animation: ld-fall 4s linear infinite;
    animation: ld-fall 1s linear infinite;
  }</style>

  
<g transform="translate(0 111.18803096533098)" style="transform:matrix(1, 0, 0, 1, 0, 111.188);animation-play-state:running" ><g transform="translate(1216.8044500214944 0)" style="transform:matrix(1, 0, 0, 1, 1216.8, 0);animation-play-state:running" ><g class="ld ld-fall" style="transform:matrix(1, 0, 0, 1, 0, 0);animation-play-state:running;animation-duration:2s" ><rect x="-4.080615794754513" y="-5.587622068803974" width="8.161231589509025" height="11.175244137607947" fill="#f7d038" style="transform:matrix(2.65634, 0, 0, 2.65634, 0, 0);animation-play-state:running" ></rect></g></g>
<g transform="translate(295.2399725508285 0)" style="transform:matrix(1, 0, 0, 1, 295.24, 0);animation-play-state:running" ><g class="ld ld-fall" style="transform:matrix3d(0.803893, 0.507032, -0.310925, 0, -0.310925, 0.803893, 0.507032, 0, 0.507032, -0.310925, 0.803893, 0, 0, 363.467, 0, 1);animation-play-state:running;animation-duration:4s;animation-delay:-1.50038s" ><rect x="-3.079834944876527" y="-5.939410845772146" width="6.159669889753054" height="11.878821691544292" fill="#4355db" style="transform:matrix(2.21407, 0, 0, 2.21407, 0, 0);animation-play-state:running" ></rect></g></g>
<g transform="translate(616.7752617126825 0)" style="transform:matrix(1, 0, 0, 1, 616.775, 0);animation-play-state:running" ><g class="ld ld-fall" style="transform:matrix3d(0.240529, -0.191994, 0.951464, 0, 0.951464, 0.240529, -0.191994, 0, -0.191994, 0.951464, 0.240529, 0, 0, 881.07, 0, 1);animation-play-state:running;animation-duration:4s;animation-delay:-3.63703s" ><rect x="-3.7122887399892837" y="-4.039780371991322" width="7.424577479978567" height="8.079560743982643" fill="#4355db" style="transform:matrix(2.67123, 0, 0, 2.67123, 0, 0);animation-play-state:running" ></rect></g></g>
<g transform="translate(1017.8679120189165 0)" style="transform:matrix(1, 0, 0, 1, 1017.87, 0);animation-play-state:running" ><g class="ld ld-fall" style="transform:matrix3d(0.247565, -0.196335, 0.94877, 0, 0.94877, 0.247565, -0.196335, 0, -0.196335, 0.94877, 0.247565, 0, 0, 881.618, 0, 1);animation-play-state:running;animation-duration:4s;animation-delay:-3.63929s" ><rect x="-5.6570565796265395" y="-5.334044316459563" width="11.314113159253079" height="10.668088632919126" fill="#f7d038" style="transform:matrix(2.661, 0, 0, 2.661, 0, 0);animation-play-state:running" ></rect></g></g>
<g transform="translate(1340.7486079017658 0)" style="transform:matrix(1, 0, 0, 1, 1340.75, 0);animation-play-state:running" ><g class="ld ld-fall" style="transform:matrix3d(0.0447422, 0.99808, -0.0428225, 0, -0.0428225, 0.0447422, 0.99808, 0, 0.99808, -0.0428225, 0.0447422, 0, 0, 426.765, 0, 1);animation-play-state:running;animation-duration:4s;animation-delay:-1.76167s" ><rect x="-3.558023005447684" y="-3.1768286856819774" width="7.116046010895368" height="6.353657371363955" fill="#34bbe6" style="transform:matrix(2.90164, 0, 0, 2.90164, 0, 0);animation-play-state:running" ></rect></g></g>
<g transform="translate(36.124906658855025 0)" style="transform:matrix(1, 0, 0, 1, 36.1249, 0);animation-play-state:running" ><g class="ld ld-fall" style="transform:matrix3d(0.757297, -0.324209, 0.566912, 0, 0.566912, 0.757297, -0.324209, 0, -0.324209, 0.566912, 0.757297, 0, 0, 277.681, 0, 1);animation-play-state:running;animation-duration:2s;animation-delay:-2.57313s" ><rect x="-4.233835743421539" y="-4.207758542299626" width="8.467671486843077" height="8.415517084599252" fill="#e6261f" style="transform:matrix(2.71292, 0, 0, 2.71292, 0, 0);animation-play-state:running" ></rect></g></g>
<g transform="translate(144.8664361774064 0)" style="transform:matrix(1, 0, 0, 1, 144.866, 0);animation-play-state:running" ><g class="ld ld-fall" style="transform:matrix3d(-0.207084, 0.265466, 0.941618, 0, 0.941618, -0.207084, 0.265466, 0, 0.265466, 0.941618, -0.207084, 0, 0, 193.659, 0, 1);animation-play-state:running;animation-duration:2s;animation-delay:-0.399709s" ><rect x="-4.5141576542679225" y="-4.96842746300106" width="9.028315308535845" height="9.93685492600212" fill="#f7d038" style="transform:matrix(1.92719, 0, 0, 1.92719, 0, 0);animation-play-state:running" ></rect></g></g>
<g transform="translate(1149.510442234155 0)" style="transform:matrix(1, 0, 0, 1, 1149.51, 0);animation-play-state:running" ><g class="ld ld-fall" style="transform:matrix3d(-0.0253899, 0.0260518, 0.999338, 0, 0.999338, -0.0253899, 0.0260518, 0, 0.0260518, 0.999338, -0.0253899, 0, 0, 213.042, 0, 1);animation-play-state:running;animation-duration:2s;animation-delay:-0.439716s" ><rect x="-4.588456985045323" y="-3.922331750042814" width="9.176913970090647" height="7.844663500085628" fill="#4355db" style="transform:matrix(1.72395, 0, 0, 1.72395, 0, 0);animation-play-state:running" ></rect></g></g>
<g transform="translate(1485.5432484843495 0)" style="transform:matrix(1, 0, 0, 1, 1485.54, 0);animation-play-state:running" ><g class="ld ld-fall" style="transform:matrix3d(-0.00754432, 0.999943, 0.00760168, 0, 0.00760168, -0.00754432, 0.999943, 0, 0.999943, 0.00760168, -0.00754432, 0, 0, 108.341, 0, 1);animation-play-state:running;animation-duration:2s;animation-delay:-0.223614s" ><rect x="-3.510533872386447" y="-3.6103702320896573" width="7.021067744772894" height="7.220740464179315" fill="#a3e048" style="transform:matrix(2.44761, 0, 0, 2.44761, 0, 0);animation-play-state:running" ></rect></g></g>
<g transform="translate(1230.4752275979051 0)" style="transform:matrix(1, 0, 0, 1, 1230.48, 0);animation-play-state:running" ><g class="ld ld-fall" style="transform:matrix3d(0.988313, 0.113474, -0.101787, 0, -0.101787, 0.988313, 0.113474, 0, 0.113474, -0.101787, 0.988313, 0, 0, 332.64, 0, 1);animation-play-state:running;animation-duration:2s;animation-delay:-0.686563s" ><rect x="-3.500177857099188" y="-3.3515782614231693" width="7.000355714198376" height="6.703156522846339" fill="#e6261f" style="transform:matrix(2.10296, 0, 0, 2.10296, 0, 0);animation-play-state:running" ></rect></g></g>
<g transform="translate(1814.3107837919474 0)" style="transform:matrix(1, 0, 0, 1, 1814.31, 0);animation-play-state:running" ><g class="ld ld-fall" style="transform:matrix3d(0.288242, -0.220149, 0.931907, 0, 0.931907, 0.288242, -0.220149, 0, -0.220149, 0.931907, 0.288242, 0, 0, 238.77, 0, 1);animation-play-state:running;animation-duration:2s;animation-delay:-0.492818s" ><rect x="-5.7659835654798135" y="-4.212039484195327" width="11.531967130959627" height="8.424078968390655" fill="#d23be7" style="transform:matrix(3.03161, 0, 0, 3.03161, 0, 0);animation-play-state:running" ></rect></g></g>
<g transform="translate(1580.1776272267864 0)" style="transform:matrix(1, 0, 0, 1, 1580.18, 0);animation-play-state:running" ><g class="ld ld-fall" style="transform:matrix3d(0.359193, -0.256512, 0.897319, 0, 0.897319, 0.359193, -0.256512, 0, -0.256512, 0.897319, 0.359193, 0, 0, 890.245, 0, 1);animation-play-state:running;animation-duration:2s;animation-delay:-1.83745s" ><rect x="-4.883166065420043" y="-3.6603974379605404" width="9.766332130840086" height="7.320794875921081" fill="#4355db" style="transform:matrix(3.3604, 0, 0, 3.3604, 0, 0);animation-play-state:running" ></rect></g></g>
<g transform="translate(9.10438422015261 0)" style="transform:matrix(1, 0, 0, 1, 9.10438, 0);animation-play-state:running" ><g class="ld ld-fall" style="transform:matrix3d(0.999881, 0.0109542, -0.0108355, 0, -0.0108355, 0.999881, 0.0109542, 0, 0.0109542, -0.0108355, 0.999881, 0, 0, 323.97, 0, 1);animation-play-state:running;animation-duration:2s;animation-delay:-0.668669s" ><rect x="-3.763943989042336" y="-4.314156276924634" width="7.527887978084672" height="8.628312553849268" fill="#f7d038" style="transform:matrix(2.5932, 0, 0, 2.5932, 0, 0);animation-play-state:running" ></rect></g></g>
<g transform="translate(1007.5210196184578 0)" style="transform:matrix(1, 0, 0, 1, 1007.52, 0);animation-play-state:running" ><g class="ld ld-fall" style="transform:matrix3d(-0.329317, 0.72794, 0.601377, 0, 0.601377, -0.329317, 0.72794, 0, 0.72794, 0.601377, -0.329317, 0, 0, 478.854, 0, 1);animation-play-state:running;animation-duration:2s;animation-delay:-0.988347s" ><rect x="-4.6552344701125445" y="-5.180536584402483" width="9.310468940225089" height="10.361073168804966" fill="#e6261f" style="transform:matrix(2.42272, 0, 0, 2.42272, 0, 0);animation-play-state:running" ></rect></g></g>
<g transform="translate(943.4276715943021 0)" style="transform:matrix(1, 0, 0, 1, 943.428, 0);animation-play-state:running" ><g class="ld ld-fall" style="transform:matrix3d(-0.280153, 0.866039, 0.414113, 0, 0.414113, -0.280153, 0.866039, 0, 0.866039, 0.414113, -0.280153, 0, 0, 140.828, 0, 1);animation-play-state:running;animation-duration:2s;animation-delay:-0.290666s" ><rect x="-5.594418251502804" y="-5.676226484832494" width="11.188836503005607" height="11.352452969664988" fill="#34bbe6" style="transform:matrix(2.34234, 0, 0, 2.34234, 0, 0);animation-play-state:running" ></rect></g></g>
<g transform="translate(29.466844664782457 0)" style="transform:matrix(1, 0, 0, 1, 29.4668, 0);animation-play-state:running" ><g class="ld ld-fall" style="transform:matrix3d(0.507915, 0.803245, -0.31116, 0, -0.31116, 0.507915, 0.803245, 0, 0.803245, -0.31116, 0.507915, 0, 0, 390.129, 0, 1);animation-play-state:running;animation-duration:4s;animation-delay:-1.61044s" ><rect x="-5.0199955151288" y="-5.763804742091092" width="10.0399910302576" height="11.527609484182184" fill="#a3e048" style="transform:matrix(3.34673, 0, 0, 3.34673, 0, 0);animation-play-state:running" ></rect></g></g>
<g transform="translate(1127.1356616404073 0)" style="transform:matrix(1, 0, 0, 1, 1127.14, 0);animation-play-state:running" ><g class="ld ld-fall" style="transform:matrix3d(-0.0981411, 0.10895, 0.989191, 0, 0.989191, -0.0981411, 0.10895, 0, 0.10895, 0.989191, -0.0981411, 0, 0, 852.063, 0, 1);animation-play-state:running;animation-duration:4s;animation-delay:-3.51729s" ><rect x="-5.629926049457465" y="-5.658444038300271" width="11.25985209891493" height="11.316888076600542" fill="#eb7532" style="transform:matrix(2.30215, 0, 0, 2.30215, 0, 0);animation-play-state:running" ></rect></g></g>
<g transform="translate(1396.448206078294 0)" style="transform:matrix(1, 0, 0, 1, 1396.45, 0);animation-play-state:running" ><g class="ld ld-fall" style="transform:matrix3d(-0.329542, 0.72626, 0.603282, 0, 0.603282, -0.329542, 0.72626, 0, 0.72626, 0.603282, -0.329542, 0, 0, 802.015, 0, 1);animation-play-state:running;animation-duration:4s;animation-delay:-3.31069s" ><rect x="-4.078771348794375" y="-3.1841125152666025" width="8.15754269758875" height="6.368225030533205" fill="#e6261f" style="transform:matrix(2.37489, 0, 0, 2.37489, 0, 0);animation-play-state:running" ></rect></g></g>
<g transform="translate(948.670110353502 0)" style="transform:matrix(1, 0, 0, 1, 948.67, 0);animation-play-state:running" ><g class="ld ld-fall" style="transform:matrix3d(-0.308511, 0.498176, 0.810334, 0, 0.810334, -0.308511, 0.498176, 0, 0.498176, 0.810334, -0.308511, 0, 0, 498.572, 0, 1);animation-play-state:running;animation-duration:4s;animation-delay:-2.05809s" ><rect x="-4.757363314771518" y="-3.512542484484439" width="9.514726629543036" height="7.025084968968878" fill="#eb7532" style="transform:matrix(3.04984, 0, 0, 3.04984, 0, 0);animation-play-state:running" ></rect></g></g>
<g transform="translate(266.3618797695844 0)" style="transform:matrix(1, 0, 0, 1, 266.362, 0);animation-play-state:running" ><g class="ld ld-fall" style="transform:matrix3d(0.411359, -0.279062, 0.867703, 0, 0.867703, 0.411359, -0.279062, 0, -0.279062, 0.867703, 0.411359, 0, 0, 894.28, 0, 1);animation-play-state:running;animation-duration:2s;animation-delay:-3.84578s" ><rect x="-3.3718339539189506" y="-3.5645245373016747" width="6.743667907837901" height="7.1290490746033495" fill="#e6261f" style="transform:matrix(2.95131, 0, 0, 2.95131, 0, 0);animation-play-state:running" ></rect></g></g>
<g transform="translate(1167.7610648758907 0)" style="transform:matrix(1, 0, 0, 1, 1167.76, 0);animation-play-state:running" ><g class="ld ld-fall" style="transform:matrix3d(0.798915, 0.513772, -0.312687, 0, -0.312687, 0.798915, 0.513772, 0, 0.513772, -0.312687, 0.798915, 0, 0, 41.0061, 0, 1);animation-play-state:running;animation-duration:4s;animation-delay:-0.169272s" ><rect x="-3.4655284035401817" y="-3.610273870827044" width="6.931056807080363" height="7.220547741654088" fill="#d23be7" style="transform:matrix(1.51868, 0, 0, 1.51868, 0, 0);animation-play-state:running" ></rect></g></g>
<g transform="translate(658.560210263701 0)" style="transform:matrix(1, 0, 0, 1, 658.56, 0);animation-play-state:running" ><g class="ld ld-fall" style="transform:matrix3d(0.9032, -0.251221, 0.348021, 0, 0.348021, 0.9032, -0.251221, 0, -0.251221, 0.348021, 0.9032, 0, 0, 617.951, 0, 1);animation-play-state:running;animation-duration:2s;animation-delay:-3.27544s" ><rect x="-5.010310786759946" y="-5.401563041188659" width="10.020621573519891" height="10.803126082377318" fill="#4355db" style="transform:matrix(2.04079, 0, 0, 2.04079, 0, 0);animation-play-state:running" ></rect></g></g>
<g transform="translate(985.1809543470516 0)" style="transform:matrix(1, 0, 0, 1, 985.181, 0);animation-play-state:running" ><g class="ld ld-fall" style="transform:matrix3d(0.842422, 0.451556, -0.293978, 0, -0.293978, 0.842422, 0.451556, 0, 0.451556, -0.293978, 0.842422, 0, 0, 359.081, 0, 1);animation-play-state:running;animation-duration:2s;animation-delay:-0.741138s" ><rect x="-4.838115246376224" y="-5.161000007530993" width="9.676230492752447" height="10.322000015061986" fill="#e6261f" style="transform:matrix(2.72667, 0, 0, 2.72667, 0, 0);animation-play-state:running" ></rect></g></g>
<g transform="translate(793.5603902575623 0)" style="transform:matrix(1, 0, 0, 1, 793.56, 0);animation-play-state:running" ><g class="ld ld-fall" style="transform:matrix3d(-0.175862, 0.960588, 0.215273, 0, 0.215273, -0.175862, 0.960588, 0, 0.960588, 0.215273, -0.175862, 0, 0, 448.431, 0, 1);animation-play-state:running;animation-duration:2s;animation-delay:-0.925555s" ><rect x="-3.418989615853456" y="-5.975703999898458" width="6.837979231706912" height="11.951407999796915" fill="#e6261f" style="transform:matrix(3.16744, 0, 0, 3.16744, 0, 0);animation-play-state:running" ></rect></g></g>
<g transform="translate(1899.7311203587863 0)" style="transform:matrix(1, 0, 0, 1, 1899.73, 0);animation-play-state:running" ><g class="ld ld-fall" style="transform:matrix3d(-0.0692468, 0.994819, 0.0744275, 0, 0.0744275, -0.0692468, 0.994819, 0, 0.994819, 0.0744275, -0.0692468, 0, 0, 114.08, 0, 1);animation-play-state:running;animation-duration:4s;animation-delay:-0.470917s" ><rect x="-4.5631540046605625" y="-3.2863567476071465" width="9.126308009321125" height="6.572713495214293" fill="#d23be7" style="transform:matrix(3.42993, 0, 0, 3.42993, 0, 0);animation-play-state:running" ></rect></g></g></g>

  
<g transform="translate(0 -857.811969034669)" style="transform:matrix(1, 0, 0, 1, 0, -857.812);animation-play-state:running" ><g transform="translate(1216.8044500214944 0)" style="transform:matrix(1, 0, 0, 1, 1216.8, 0);animation-play-state:running" ><g class="ld ld-fall" style="transform:matrix(1, 0, 0, 1, 0, 0);animation-play-state:running;animation-duration:2s" ><rect x="-4.080615794754513" y="-5.587622068803974" width="8.161231589509025" height="11.175244137607947" fill="#f7d038" style="transform:matrix(2.65634, 0, 0, 2.65634, 0, 0);animation-play-state:running" ></rect></g></g>
<g transform="translate(295.2399725508285 0)" style="transform:matrix(1, 0, 0, 1, 295.24, 0);animation-play-state:running" ><g class="ld ld-fall" style="transform:matrix3d(0.803893, 0.507032, -0.310925, 0, -0.310925, 0.803893, 0.507032, 0, 0.507032, -0.310925, 0.803893, 0, 0, 363.467, 0, 1);animation-play-state:running;animation-duration:4s;animation-delay:-1.50038s" ><rect x="-3.079834944876527" y="-5.939410845772146" width="6.159669889753054" height="11.878821691544292" fill="#4355db" style="transform:matrix(2.21407, 0, 0, 2.21407, 0, 0);animation-play-state:running" ></rect></g></g>
<g transform="translate(616.7752617126825 0)" style="transform:matrix(1, 0, 0, 1, 616.775, 0);animation-play-state:running" ><g class="ld ld-fall" style="transform:matrix3d(0.240529, -0.191994, 0.951464, 0, 0.951464, 0.240529, -0.191994, 0, -0.191994, 0.951464, 0.240529, 0, 0, 881.07, 0, 1);animation-play-state:running;animation-duration:4s;animation-delay:-3.63703s" ><rect x="-3.7122887399892837" y="-4.039780371991322" width="7.424577479978567" height="8.079560743982643" fill="#4355db" style="transform:matrix(2.67123, 0, 0, 2.67123, 0, 0);animation-play-state:running" ></rect></g></g>
<g transform="translate(1017.8679120189165 0)" style="transform:matrix(1, 0, 0, 1, 1017.87, 0);animation-play-state:running" ><g class="ld ld-fall" style="transform:matrix3d(0.247565, -0.196335, 0.94877, 0, 0.94877, 0.247565, -0.196335, 0, -0.196335, 0.94877, 0.247565, 0, 0, 881.618, 0, 1);animation-play-state:running;animation-duration:4s;animation-delay:-3.63929s" ><rect x="-5.6570565796265395" y="-5.334044316459563" width="11.314113159253079" height="10.668088632919126" fill="#f7d038" style="transform:matrix(2.661, 0, 0, 2.661, 0, 0);animation-play-state:running" ></rect></g></g>
<g transform="translate(1340.7486079017658 0)" style="transform:matrix(1, 0, 0, 1, 1340.75, 0);animation-play-state:running" ><g class="ld ld-fall" style="transform:matrix3d(0.0447422, 0.99808, -0.0428225, 0, -0.0428225, 0.0447422, 0.99808, 0, 0.99808, -0.0428225, 0.0447422, 0, 0, 426.765, 0, 1);animation-play-state:running;animation-duration:4s;animation-delay:-1.76167s" ><rect x="-3.558023005447684" y="-3.1768286856819774" width="7.116046010895368" height="6.353657371363955" fill="#34bbe6" style="transform:matrix(2.90164, 0, 0, 2.90164, 0, 0);animation-play-state:running" ></rect></g></g>
<g transform="translate(36.124906658855025 0)" style="transform:matrix(1, 0, 0, 1, 36.1249, 0);animation-play-state:running" ><g class="ld ld-fall" style="transform:matrix3d(0.757297, -0.324209, 0.566912, 0, 0.566912, 0.757297, -0.324209, 0, -0.324209, 0.566912, 0.757297, 0, 0, 277.681, 0, 1);animation-play-state:running;animation-duration:2s;animation-delay:-2.57313s" ><rect x="-4.233835743421539" y="-4.207758542299626" width="8.467671486843077" height="8.415517084599252" fill="#e6261f" style="transform:matrix(2.71292, 0, 0, 2.71292, 0, 0);animation-play-state:running" ></rect></g></g>
<g transform="translate(144.8664361774064 0)" style="transform:matrix(1, 0, 0, 1, 144.866, 0);animation-play-state:running" ><g class="ld ld-fall" style="transform:matrix3d(-0.207084, 0.265466, 0.941618, 0, 0.941618, -0.207084, 0.265466, 0, 0.265466, 0.941618, -0.207084, 0, 0, 193.659, 0, 1);animation-play-state:running;animation-duration:2s;animation-delay:-0.399709s" ><rect x="-4.5141576542679225" y="-4.96842746300106" width="9.028315308535845" height="9.93685492600212" fill="#f7d038" style="transform:matrix(1.92719, 0, 0, 1.92719, 0, 0);animation-play-state:running" ></rect></g></g>
<g transform="translate(1149.510442234155 0)" style="transform:matrix(1, 0, 0, 1, 1149.51, 0);animation-play-state:running" ><g class="ld ld-fall" style="transform:matrix3d(-0.0253899, 0.0260518, 0.999338, 0, 0.999338, -0.0253899, 0.0260518, 0, 0.0260518, 0.999338, -0.0253899, 0, 0, 213.042, 0, 1);animation-play-state:running;animation-duration:2s;animation-delay:-0.439716s" ><rect x="-4.588456985045323" y="-3.922331750042814" width="9.176913970090647" height="7.844663500085628" fill="#4355db" style="transform:matrix(1.72395, 0, 0, 1.72395, 0, 0);animation-play-state:running" ></rect></g></g>
<g transform="translate(1485.5432484843495 0)" style="transform:matrix(1, 0, 0, 1, 1485.54, 0);animation-play-state:running" ><g class="ld ld-fall" style="transform:matrix3d(-0.00754432, 0.999943, 0.00760168, 0, 0.00760168, -0.00754432, 0.999943, 0, 0.999943, 0.00760168, -0.00754432, 0, 0, 108.341, 0, 1);animation-play-state:running;animation-duration:2s;animation-delay:-0.223614s" ><rect x="-3.510533872386447" y="-3.6103702320896573" width="7.021067744772894" height="7.220740464179315" fill="#a3e048" style="transform:matrix(2.44761, 0, 0, 2.44761, 0, 0);animation-play-state:running" ></rect></g></g>
<g transform="translate(1230.4752275979051 0)" style="transform:matrix(1, 0, 0, 1, 1230.48, 0);animation-play-state:running" ><g class="ld ld-fall" style="transform:matrix3d(0.988313, 0.113474, -0.101787, 0, -0.101787, 0.988313, 0.113474, 0, 0.113474, -0.101787, 0.988313, 0, 0, 332.64, 0, 1);animation-play-state:running;animation-duration:2s;animation-delay:-0.686563s" ><rect x="-3.500177857099188" y="-3.3515782614231693" width="7.000355714198376" height="6.703156522846339" fill="#e6261f" style="transform:matrix(2.10296, 0, 0, 2.10296, 0, 0);animation-play-state:running" ></rect></g></g>
<g transform="translate(1814.3107837919474 0)" style="transform:matrix(1, 0, 0, 1, 1814.31, 0);animation-play-state:running" ><g class="ld ld-fall" style="transform:matrix3d(0.288242, -0.220149, 0.931907, 0, 0.931907, 0.288242, -0.220149, 0, -0.220149, 0.931907, 0.288242, 0, 0, 238.77, 0, 1);animation-play-state:running;animation-duration:2s;animation-delay:-0.492818s" ><rect x="-5.7659835654798135" y="-4.212039484195327" width="11.531967130959627" height="8.424078968390655" fill="#d23be7" style="transform:matrix(3.03161, 0, 0, 3.03161, 0, 0);animation-play-state:running" ></rect></g></g>
<g transform="translate(1580.1776272267864 0)" style="transform:matrix(1, 0, 0, 1, 1580.18, 0);animation-play-state:running" ><g class="ld ld-fall" style="transform:matrix3d(0.359193, -0.256512, 0.897319, 0, 0.897319, 0.359193, -0.256512, 0, -0.256512, 0.897319, 0.359193, 0, 0, 890.245, 0, 1);animation-play-state:running;animation-duration:2s;animation-delay:-1.83745s" ><rect x="-4.883166065420043" y="-3.6603974379605404" width="9.766332130840086" height="7.320794875921081" fill="#4355db" style="transform:matrix(3.3604, 0, 0, 3.3604, 0, 0);animation-play-state:running" ></rect></g></g>
<g transform="translate(9.10438422015261 0)" style="transform:matrix(1, 0, 0, 1, 9.10438, 0);animation-play-state:running" ><g class="ld ld-fall" style="transform:matrix3d(0.999881, 0.0109542, -0.0108355, 0, -0.0108355, 0.999881, 0.0109542, 0, 0.0109542, -0.0108355, 0.999881, 0, 0, 323.97, 0, 1);animation-play-state:running;animation-duration:2s;animation-delay:-0.668669s" ><rect x="-3.763943989042336" y="-4.314156276924634" width="7.527887978084672" height="8.628312553849268" fill="#f7d038" style="transform:matrix(2.5932, 0, 0, 2.5932, 0, 0);animation-play-state:running" ></rect></g></g>
<g transform="translate(1007.5210196184578 0)" style="transform:matrix(1, 0, 0, 1, 1007.52, 0);animation-play-state:running" ><g class="ld ld-fall" style="transform:matrix3d(-0.329317, 0.72794, 0.601377, 0, 0.601377, -0.329317, 0.72794, 0, 0.72794, 0.601377, -0.329317, 0, 0, 478.854, 0, 1);animation-play-state:running;animation-duration:2s;animation-delay:-0.988347s" ><rect x="-4.6552344701125445" y="-5.180536584402483" width="9.310468940225089" height="10.361073168804966" fill="#e6261f" style="transform:matrix(2.42272, 0, 0, 2.42272, 0, 0);animation-play-state:running" ></rect></g></g>
<g transform="translate(943.4276715943021 0)" style="transform:matrix(1, 0, 0, 1, 943.428, 0);animation-play-state:running" ><g class="ld ld-fall" style="transform:matrix3d(-0.280153, 0.866039, 0.414113, 0, 0.414113, -0.280153, 0.866039, 0, 0.866039, 0.414113, -0.280153, 0, 0, 140.828, 0, 1);animation-play-state:running;animation-duration:2s;animation-delay:-0.290666s" ><rect x="-5.594418251502804" y="-5.676226484832494" width="11.188836503005607" height="11.352452969664988" fill="#34bbe6" style="transform:matrix(2.34234, 0, 0, 2.34234, 0, 0);animation-play-state:running" ></rect></g></g>
<g transform="translate(29.466844664782457 0)" style="transform:matrix(1, 0, 0, 1, 29.4668, 0);animation-play-state:running" ><g class="ld ld-fall" style="transform:matrix3d(0.507915, 0.803245, -0.31116, 0, -0.31116, 0.507915, 0.803245, 0, 0.803245, -0.31116, 0.507915, 0, 0, 390.129, 0, 1);animation-play-state:running;animation-duration:4s;animation-delay:-1.61044s" ><rect x="-5.0199955151288" y="-5.763804742091092" width="10.0399910302576" height="11.527609484182184" fill="#a3e048" style="transform:matrix(3.34673, 0, 0, 3.34673, 0, 0);animation-play-state:running" ></rect></g></g>
<g transform="translate(1127.1356616404073 0)" style="transform:matrix(1, 0, 0, 1, 1127.14, 0);animation-play-state:running" ><g class="ld ld-fall" style="transform:matrix3d(-0.0981411, 0.10895, 0.989191, 0, 0.989191, -0.0981411, 0.10895, 0, 0.10895, 0.989191, -0.0981411, 0, 0, 852.063, 0, 1);animation-play-state:running;animation-duration:4s;animation-delay:-3.51729s" ><rect x="-5.629926049457465" y="-5.658444038300271" width="11.25985209891493" height="11.316888076600542" fill="#eb7532" style="transform:matrix(2.30215, 0, 0, 2.30215, 0, 0);animation-play-state:running" ></rect></g></g>
<g transform="translate(1396.448206078294 0)" style="transform:matrix(1, 0, 0, 1, 1396.45, 0);animation-play-state:running" ><g class="ld ld-fall" style="transform:matrix3d(-0.329542, 0.72626, 0.603282, 0, 0.603282, -0.329542, 0.72626, 0, 0.72626, 0.603282, -0.329542, 0, 0, 802.015, 0, 1);animation-play-state:running;animation-duration:4s;animation-delay:-3.31069s" ><rect x="-4.078771348794375" y="-3.1841125152666025" width="8.15754269758875" height="6.368225030533205" fill="#e6261f" style="transform:matrix(2.37489, 0, 0, 2.37489, 0, 0);animation-play-state:running" ></rect></g></g>
<g transform="translate(948.670110353502 0)" style="transform:matrix(1, 0, 0, 1, 948.67, 0);animation-play-state:running" ><g class="ld ld-fall" style="transform:matrix3d(-0.308511, 0.498176, 0.810334, 0, 0.810334, -0.308511, 0.498176, 0, 0.498176, 0.810334, -0.308511, 0, 0, 498.572, 0, 1);animation-play-state:running;animation-duration:4s;animation-delay:-2.05809s" ><rect x="-4.757363314771518" y="-3.512542484484439" width="9.514726629543036" height="7.025084968968878" fill="#eb7532" style="transform:matrix(3.04984, 0, 0, 3.04984, 0, 0);animation-play-state:running" ></rect></g></g>
<g transform="translate(266.3618797695844 0)" style="transform:matrix(1, 0, 0, 1, 266.362, 0);animation-play-state:running" ><g class="ld ld-fall" style="transform:matrix3d(0.411359, -0.279062, 0.867703, 0, 0.867703, 0.411359, -0.279062, 0, -0.279062, 0.867703, 0.411359, 0, 0, 894.28, 0, 1);animation-play-state:running;animation-duration:2s;animation-delay:-3.84578s" ><rect x="-3.3718339539189506" y="-3.5645245373016747" width="6.743667907837901" height="7.1290490746033495" fill="#e6261f" style="transform:matrix(2.95131, 0, 0, 2.95131, 0, 0);animation-play-state:running" ></rect></g></g>
<g transform="translate(1167.7610648758907 0)" style="transform:matrix(1, 0, 0, 1, 1167.76, 0);animation-play-state:running" ><g class="ld ld-fall" style="transform:matrix3d(0.798915, 0.513772, -0.312687, 0, -0.312687, 0.798915, 0.513772, 0, 0.513772, -0.312687, 0.798915, 0, 0, 41.0061, 0, 1);animation-play-state:running;animation-duration:4s;animation-delay:-0.169272s" ><rect x="-3.4655284035401817" y="-3.610273870827044" width="6.931056807080363" height="7.220547741654088" fill="#d23be7" style="transform:matrix(1.51868, 0, 0, 1.51868, 0, 0);animation-play-state:running" ></rect></g></g>
<g transform="translate(658.560210263701 0)" style="transform:matrix(1, 0, 0, 1, 658.56, 0);animation-play-state:running" ><g class="ld ld-fall" style="transform:matrix3d(0.9032, -0.251221, 0.348021, 0, 0.348021, 0.9032, -0.251221, 0, -0.251221, 0.348021, 0.9032, 0, 0, 617.951, 0, 1);animation-play-state:running;animation-duration:2s;animation-delay:-3.27544s" ><rect x="-5.010310786759946" y="-5.401563041188659" width="10.020621573519891" height="10.803126082377318" fill="#4355db" style="transform:matrix(2.04079, 0, 0, 2.04079, 0, 0);animation-play-state:running" ></rect></g></g>
<g transform="translate(985.1809543470516 0)" style="transform:matrix(1, 0, 0, 1, 985.181, 0);animation-play-state:running" ><g class="ld ld-fall" style="transform:matrix3d(0.842422, 0.451556, -0.293978, 0, -0.293978, 0.842422, 0.451556, 0, 0.451556, -0.293978, 0.842422, 0, 0, 359.081, 0, 1);animation-play-state:running;animation-duration:2s;animation-delay:-0.741138s" ><rect x="-4.838115246376224" y="-5.161000007530993" width="9.676230492752447" height="10.322000015061986" fill="#e6261f" style="transform:matrix(2.72667, 0, 0, 2.72667, 0, 0);animation-play-state:running" ></rect></g></g>
<g transform="translate(793.5603902575623 0)" style="transform:matrix(1, 0, 0, 1, 793.56, 0);animation-play-state:running" ><g class="ld ld-fall" style="transform:matrix3d(-0.175862, 0.960588, 0.215273, 0, 0.215273, -0.175862, 0.960588, 0, 0.960588, 0.215273, -0.175862, 0, 0, 448.431, 0, 1);animation-play-state:running;animation-duration:2s;animation-delay:-0.925555s" ><rect x="-3.418989615853456" y="-5.975703999898458" width="6.837979231706912" height="11.951407999796915" fill="#e6261f" style="transform:matrix(3.16744, 0, 0, 3.16744, 0, 0);animation-play-state:running" ></rect></g></g>
<g transform="translate(1899.7311203587863 0)" style="transform:matrix(1, 0, 0, 1, 1899.73, 0);animation-play-state:running" ><g class="ld ld-fall" style="transform:matrix3d(-0.0692468, 0.994819, 0.0744275, 0, 0.0744275, -0.0692468, 0.994819, 0, 0.994819, 0.0744275, -0.0692468, 0, 0, 114.08, 0, 1);animation-play-state:running;animation-duration:4s;animation-delay:-0.470917s" ><rect x="-4.5631540046605625" y="-3.2863567476071465" width="9.126308009321125" height="6.572713495214293" fill="#d23be7" style="transform:matrix(3.42993, 0, 0, 3.42993, 0, 0);animation-play-state:running" ></rect></g></g></g></g></svg>