<?xml version="1.0" encoding="utf-8"?><svg xmlns="http://www.w3.org/2000/svg" xmlns:xlink="http://www.w3.org/1999/xlink" width="1920" height="969" preserveAspectRatio="xMidYMid" viewBox="0 0 1920 969" style="z-index:1;margin-right:-2px;display:block;background-repeat-y:initial;background-repeat-x:initial;background-color:rgb(255, 228, 123);animation-play-state:running" ><g transform="" style="animation-play-state:running" ><style type="text/css" style="animation-play-state:running" >@keyframes ld-fall {
    0% { transform: translate(0,0px) rotate3d(1,1,1,0deg); }
    100% { transform: translate(0,969px) rotate3d(1,1,1,1080deg) ; }
  }
  .ld.ld-fall {
    animation: ld-fall 4s linear infinite;
    animation: ld-fall 1s linear infinite;
  }</style>

  
<g transform="translate(0 345.1107102340204)" style="transform:matrix(1, 0, 0, 1, 0, 345.111);animation-play-state:running" ><g transform="translate(1035.6106001513033 0)" style="transform:matrix(1, 0, 0, 1, 1035.61, 0);animation-play-state:running" ><g class="ld ld-fall" style="transform:matrix(1, 0, 0, 1, 0, 0);animation-play-state:running;animation-duration:2s" ><rect x="-5.625740346819777" y="-4.321301782966583" width="11.251480693639554" height="8.642603565933166" fill="#34bbe6" style="transform:matrix(2.88043, 0, 0, 2.88043, 0, 0);animation-play-state:running" ></rect></g></g>
<g transform="translate(1642.3499257345586 0)" style="transform:matrix(1, 0, 0, 1, 1642.35, 0);animation-play-state:running" ><g class="ld ld-fall" style="transform:matrix3d(0.396927, 0.876254, -0.273181, 0, -0.273181, 0.396927, 0.876254, 0, 0.876254, -0.273181, 0.396927, 0, 0, 75.8388, 0, 1);animation-play-state:running;animation-duration:2s;animation-delay:-0.15653s" ><rect x="-4.869324277171975" y="-3.4144350872366136" width="9.73864855434395" height="6.828870174473227" fill="#d23be7" style="transform:matrix(2.28036, 0, 0, 2.28036, 0, 0);animation-play-state:running" ></rect></g></g>
<g transform="translate(227.16521497689115 0)" style="transform:matrix(1, 0, 0, 1, 227.165, 0);animation-play-state:running" ><g class="ld ld-fall" style="transform:matrix3d(-0.124997, 0.981764, 0.143234, 0, 0.143234, -0.124997, 0.981764, 0, 0.981764, 0.143234, -0.124997, 0, 0, 765.718, 0, 1);animation-play-state:running;animation-duration:2s;animation-delay:-1.58043s" ><rect x="-3.7859845077018157" y="-5.445557790414737" width="7.571969015403631" height="10.891115580829474" fill="#a3e048" style="transform:matrix(2.23216, 0, 0, 2.23216, 0, 0);animation-play-state:running" ></rect></g></g>
<g transform="translate(1027.1651700664327 0)" style="transform:matrix(1, 0, 0, 1, 1027.17, 0);animation-play-state:running" ><g class="ld ld-fall" style="transform:matrix3d(0.690443, 0.642311, -0.332754, 0, -0.332754, 0.690443, 0.642311, 0, 0.642311, -0.332754, 0.690443, 0, 0, 51.6898, 0, 1);animation-play-state:running;animation-duration:4s;animation-delay:-0.213374s" ><rect x="-4.478631225393216" y="-4.541262958378291" width="8.957262450786432" height="9.082525916756582" fill="#34bbe6" style="transform:matrix(2.58829, 0, 0, 2.58829, 0, 0);animation-play-state:running" ></rect></g></g>
<g transform="translate(216.96472167246824 0)" style="transform:matrix(1, 0, 0, 1, 216.965, 0);animation-play-state:running" ><g class="ld ld-fall" style="transform:matrix3d(-0.318848, 0.539726, 0.779122, 0, 0.779122, -0.318848, 0.539726, 0, 0.539726, 0.779122, -0.318848, 0, 0, 818.236, 0, 1);animation-play-state:running;animation-duration:4s;animation-delay:-3.37765s" ><rect x="-5.240297669655114" y="-3.7381930772377685" width="10.480595339310227" height="7.476386154475537" fill="#34bbe6" style="transform:matrix(2.43659, 0, 0, 2.43659, 0, 0);animation-play-state:running" ></rect></g></g>
<g transform="translate(1000.0734384403579 0)" style="transform:matrix(1, 0, 0, 1, 1000.07, 0);animation-play-state:running" ><g class="ld ld-fall" style="transform:matrix3d(0.866474, -0.279869, 0.413395, 0, 0.413395, 0.866474, -0.279869, 0, -0.279869, 0.413395, 0.866474, 0, 0, 289.895, 0, 1);animation-play-state:running;animation-duration:2s;animation-delay:-0.598338s" ><rect x="-5.707790921242658" y="-3.959161482753543" width="11.415581842485317" height="7.918322965507086" fill="#4355db" style="transform:matrix(1.88219, 0, 0, 1.88219, 0, 0);animation-play-state:running" ></rect></g></g>
<g transform="translate(1321.0652854171385 0)" style="transform:matrix(1, 0, 0, 1, 1321.07, 0);animation-play-state:running" ><g class="ld ld-fall" style="transform:matrix3d(0.819338, 0.485531, -0.304869, 0, -0.304869, 0.819338, 0.485531, 0, 0.485531, -0.304869, 0.819338, 0, 0, 38.7571, 0, 1);animation-play-state:running;animation-duration:4s;animation-delay:-0.159988s" ><rect x="-5.139823185491405" y="-5.629577318736414" width="10.27964637098281" height="11.259154637472829" fill="#34bbe6" style="transform:matrix(1.71408, 0, 0, 1.71408, 0, 0);animation-play-state:running" ></rect></g></g>
<g transform="translate(1097.9778728414171 0)" style="transform:matrix(1, 0, 0, 1, 1097.98, 0);animation-play-state:running" ><g class="ld ld-fall" style="transform:matrix3d(0.976414, 0.164006, -0.14042, 0, -0.14042, 0.976414, 0.164006, 0, 0.164006, -0.14042, 0.976414, 0, 0, 13.7151, 0, 1);animation-play-state:running;animation-duration:2s;animation-delay:-0.0283078s" ><rect x="-3.9725053603168297" y="-5.00277298940553" width="7.945010720633659" height="10.00554597881106" fill="#a3e048" style="transform:matrix(2.27177, 0, 0, 2.27177, 0, 0);animation-play-state:running" ></rect></g></g>
<g transform="translate(151.1137967605228 0)" style="transform:matrix(1, 0, 0, 1, 151.114, 0);animation-play-state:running" ><g class="ld ld-fall" style="transform:matrix3d(-0.0853395, 0.0933724, 0.991967, 0, 0.991967, -0.0853395, 0.0933724, 0, 0.0933724, 0.991967, -0.0853395, 0, 0, 853.345, 0, 1);animation-play-state:running;animation-duration:2s;animation-delay:-1.76129s" ><rect x="-3.280056034964764" y="-3.823842721899863" width="6.560112069929528" height="7.647685443799726" fill="#4355db" style="transform:matrix(3.08269, 0, 0, 3.08269, 0, 0);animation-play-state:running" ></rect></g></g>
<g transform="translate(835.2749260451652 0)" style="transform:matrix(1, 0, 0, 1, 835.275, 0);animation-play-state:running" ><g class="ld ld-fall" style="transform:matrix3d(-0.251997, 0.349639, 0.902358, 0, 0.902358, -0.251997, 0.349639, 0, 0.349639, 0.902358, -0.251997, 0, 0, 187.159, 0, 1);animation-play-state:running;animation-duration:4s;animation-delay:-0.772587s" ><rect x="-3.3785822408888917" y="-5.448553232862308" width="6.757164481777783" height="10.897106465724615" fill="#eb7532" style="transform:matrix(2.73476, 0, 0, 2.73476, 0, 0);animation-play-state:running" ></rect></g></g>
<g transform="translate(762.347832478646 0)" style="transform:matrix(1, 0, 0, 1, 762.348, 0);animation-play-state:running" ><g class="ld ld-fall" style="transform:matrix3d(0.790019, 0.5256, -0.315619, 0, -0.315619, 0.790019, 0.5256, 0, 0.5256, -0.315619, 0.790019, 0, 0, 687.956, 0, 1);animation-play-state:running;animation-duration:4s;animation-delay:-2.83986s" ><rect x="-5.174223897716374" y="-4.745290641342687" width="10.348447795432747" height="9.490581282685374" fill="#d23be7" style="transform:matrix(2.62176, 0, 0, 2.62176, 0, 0);animation-play-state:running" ></rect></g></g>
<g transform="translate(1704.8516683088446 0)" style="transform:matrix(1, 0, 0, 1, 1704.85, 0);animation-play-state:running" ><g class="ld ld-fall" style="transform:matrix3d(-0.326565, 0.745341, 0.581224, 0, 0.581224, -0.326565, 0.745341, 0, 0.745341, 0.581224, -0.326565, 0, 0, 800.169, 0, 1);animation-play-state:running;animation-duration:4s;animation-delay:-3.30307s" ><rect x="-5.016487791057358" y="-5.4294757776380305" width="10.032975582114716" height="10.858951555276061" fill="#a3e048" style="transform:matrix(2.35574, 0, 0, 2.35574, 0, 0);animation-play-state:running" ></rect></g></g>
<g transform="translate(1320.9427493841522 0)" style="transform:matrix(1, 0, 0, 1, 1320.94, 0);animation-play-state:running" ><g class="ld ld-fall" style="transform:matrix3d(-0.0780805, 0.0847415, 0.993339, 0, 0.993339, -0.0780805, 0.0847415, 0, 0.0847415, 0.993339, -0.0780805, 0, 0, 208.06, 0, 1);animation-play-state:running;animation-duration:2s;animation-delay:-0.429433s" ><rect x="-4.56321306896744" y="-4.836049544439188" width="9.12642613793488" height="9.672099088878376" fill="#e6261f" style="transform:matrix(3.0092, 0, 0, 3.0092, 0, 0);animation-play-state:running" ></rect></g></g>
<g transform="translate(987.3249606032947 0)" style="transform:matrix(1, 0, 0, 1, 987.325, 0);animation-play-state:running" ><g class="ld ld-fall" style="transform:matrix3d(-0.196617, 0.248026, 0.948591, 0, 0.948591, -0.196617, 0.248026, 0, 0.248026, 0.948591, -0.196617, 0, 0, 518.013, 0, 1);animation-play-state:running;animation-duration:2s;animation-delay:-1.06917s" ><rect x="-5.860529644310097" y="-4.23924438545658" width="11.721059288620195" height="8.47848877091316" fill="#eb7532" style="transform:matrix(3.39048, 0, 0, 3.39048, 0, 0);animation-play-state:running" ></rect></g></g>
<g transform="translate(1505.1981233016597 0)" style="transform:matrix(1, 0, 0, 1, 1505.2, 0);animation-play-state:running" ><g class="ld ld-fall" style="transform:matrix3d(-0.126102, 0.981408, 0.144693, 0, 0.144693, -0.126102, 0.981408, 0, 0.981408, 0.144693, -0.126102, 0, 0, 119.836, 0, 1);animation-play-state:running;animation-duration:4s;animation-delay:-0.494678s" ><rect x="-5.400885493381307" y="-4.964846497899672" width="10.801770986762614" height="9.929692995799345" fill="#34bbe6" style="transform:matrix(3.04374, 0, 0, 3.04374, 0, 0);animation-play-state:running" ></rect></g></g>
<g transform="translate(170.81752528089396 0)" style="transform:matrix(1, 0, 0, 1, 170.818, 0);animation-play-state:running" ><g class="ld ld-fall" style="transform:matrix3d(0.958358, 0.221672, -0.180031, 0, -0.180031, 0.958358, 0.221672, 0, 0.221672, -0.180031, 0.958358, 0, 0, 18.2656, 0, 1);animation-play-state:running;animation-duration:2s;animation-delay:-2.0377s" ><rect x="-3.6803775234258556" y="-3.0467857372417457" width="7.360755046851711" height="6.0935714744834915" fill="#d23be7" style="transform:matrix(2.77957, 0, 0, 2.77957, 0, 0);animation-play-state:running" ></rect></g></g>
<g transform="translate(1483.2314767987575 0)" style="transform:matrix(1, 0, 0, 1, 1483.23, 0);animation-play-state:running" ><g class="ld ld-fall" style="transform:matrix3d(0.713726, 0.617278, -0.331004, 0, -0.331004, 0.713726, 0.617278, 0, 0.617278, -0.331004, 0.713726, 0, 0, 372.534, 0, 1);animation-play-state:running;animation-duration:4s;animation-delay:-1.53781s" ><rect x="-5.207178405482377" y="-5.545042594005871" width="10.414356810964755" height="11.090085188011741" fill="#d23be7" style="transform:matrix(3.45737, 0, 0, 3.45737, 0, 0);animation-play-state:running" ></rect></g></g>
<g transform="translate(858.5587554006499 0)" style="transform:matrix(1, 0, 0, 1, 858.559, 0);animation-play-state:running" ><g class="ld ld-fall" style="transform:matrix3d(0.266769, -0.20785, 0.941081, 0, 0.941081, 0.266769, -0.20785, 0, -0.20785, 0.941081, 0.266769, 0, 0, 560.109, 0, 1);animation-play-state:running;animation-duration:4s;animation-delay:-2.31211s" ><rect x="-4.319242222031039" y="-5.842109126709872" width="8.638484444062078" height="11.684218253419743" fill="#f7d038" style="transform:matrix(2.54384, 0, 0, 2.54384, 0, 0);animation-play-state:running" ></rect></g></g>
<g transform="translate(641.4114996475973 0)" style="transform:matrix(1, 0, 0, 1, 641.411, 0);animation-play-state:running" ><g class="ld ld-fall" style="transform:matrix3d(0.44151, -0.290454, 0.848944, 0, 0.848944, 0.44151, -0.290454, 0, -0.290454, 0.848944, 0.44151, 0, 0, 573.629, 0, 1);animation-play-state:running;animation-duration:2s;animation-delay:-1.18396s" ><rect x="-3.039708919774262" y="-3.2885575484379617" width="6.079417839548524" height="6.577115096875923" fill="#d23be7" style="transform:matrix(2.55518, 0, 0, 2.55518, 0, 0);animation-play-state:running" ></rect></g></g>
<g transform="translate(35.73457527276787 0)" style="transform:matrix(1, 0, 0, 1, 35.7346, 0);animation-play-state:running" ><g class="ld ld-fall" style="transform:matrix3d(-0.262909, 0.373182, 0.889727, 0, 0.889727, -0.262909, 0.373182, 0, 0.373182, 0.889727, -0.262909, 0, 0, 185.342, 0, 1);animation-play-state:running;animation-duration:4s;animation-delay:-0.765086s" ><rect x="-5.8837972614103276" y="-4.5086982527052335" width="11.767594522820655" height="9.017396505410467" fill="#eb7532" style="transform:matrix(2.77247, 0, 0, 2.77247, 0, 0);animation-play-state:running" ></rect></g></g>
<g transform="translate(1246.042195485359 0)" style="transform:matrix(1, 0, 0, 1, 1246.04, 0);animation-play-state:running" ><g class="ld ld-fall" style="transform:matrix3d(-0.329264, 0.600934, 0.728329, 0, 0.728329, -0.329264, 0.600934, 0, 0.600934, 0.728329, -0.329264, 0, 0, 490.183, 0, 1);animation-play-state:running;animation-duration:2s;animation-delay:-1.01173s" ><rect x="-5.806596648040814" y="-3.5872623718075163" width="11.613193296081628" height="7.174524743615033" fill="#4355db" style="transform:matrix(1.68155, 0, 0, 1.68155, 0, 0);animation-play-state:running" ></rect></g></g>
<g transform="translate(1233.8731581976872 0)" style="transform:matrix(1, 0, 0, 1, 1233.87, 0);animation-play-state:running" ><g class="ld ld-fall" style="transform:matrix3d(-0.00307568, 0.999991, 0.00308517, 0, 0.00308517, -0.00307568, 0.999991, 0, 0.999991, 0.00308517, -0.00307568, 0, 0, 430.941, 0, 1);animation-play-state:running;animation-duration:4s;animation-delay:-1.77891s" ><rect x="-3.530623553754072" y="-4.41396944621421" width="7.061247107508144" height="8.82793889242842" fill="#34bbe6" style="transform:matrix(2.83263, 0, 0, 2.83263, 0, 0);animation-play-state:running" ></rect></g></g>
<g transform="translate(930.774134372685 0)" style="transform:matrix(1, 0, 0, 1, 930.774, 0);animation-play-state:running" ><g class="ld ld-fall" style="transform:matrix3d(0.992832, -0.0808527, 0.0880208, 0, 0.0880208, 0.992832, -0.0808527, 0, -0.0808527, 0.0880208, 0.992832, 0, 0, 638.455, 0, 1);animation-play-state:running;animation-duration:2s;animation-delay:-1.31776s" ><rect x="-3.4188688901290156" y="-4.328678464207463" width="6.837737780258031" height="8.657356928414925" fill="#d23be7" style="transform:matrix(2.69407, 0, 0, 2.69407, 0, 0);animation-play-state:running" ></rect></g></g>
<g transform="translate(1443.6559525618864 0)" style="transform:matrix(1, 0, 0, 1, 1443.66, 0);animation-play-state:running" ><g class="ld ld-fall" style="transform:matrix3d(-0.0422252, 0.998135, 0.0440904, 0, 0.0440904, -0.0422252, 0.998135, 0, 0.998135, 0.0440904, -0.0422252, 0, 0, 111.513, 0, 1);animation-play-state:running;animation-duration:4s;animation-delay:-0.460322s" ><rect x="-4.882163333259261" y="-5.7053357460973535" width="9.764326666518523" height="11.410671492194707" fill="#e6261f" style="transform:matrix(2.01642, 0, 0, 2.01642, 0, 0);animation-play-state:running" ></rect></g></g>
<g transform="translate(1509.7529541460497 0)" style="transform:matrix(1, 0, 0, 1, 1509.75, 0);animation-play-state:running" ><g class="ld ld-fall" style="transform:matrix3d(0.746013, -0.326443, 0.58043, 0, 0.58043, 0.746013, -0.326443, 0, -0.326443, 0.58043, 0.746013, 0, 0, 599.564, 0, 1);animation-play-state:running;animation-duration:2s;animation-delay:-3.23749s" ><rect x="-3.4938836287753885" y="-4.241810073629296" width="6.987767257550777" height="8.483620147258591" fill="#eb7532" style="transform:matrix(2.39498, 0, 0, 2.39498, 0, 0);animation-play-state:running" ></rect></g></g></g>

  
<g transform="translate(0 -623.8892897659796)" style="transform:matrix(1, 0, 0, 1, 0, -623.889);animation-play-state:running" ><g transform="translate(1035.6106001513033 0)" style="transform:matrix(1, 0, 0, 1, 1035.61, 0);animation-play-state:running" ><g class="ld ld-fall" style="transform:matrix(1, 0, 0, 1, 0, 0);animation-play-state:running;animation-duration:2s" ><rect x="-5.625740346819777" y="-4.321301782966583" width="11.251480693639554" height="8.642603565933166" fill="#34bbe6" style="transform:matrix(2.88043, 0, 0, 2.88043, 0, 0);animation-play-state:running" ></rect></g></g>
<g transform="translate(1642.3499257345586 0)" style="transform:matrix(1, 0, 0, 1, 1642.35, 0);animation-play-state:running" ><g class="ld ld-fall" style="transform:matrix3d(0.396927, 0.876254, -0.273181, 0, -0.273181, 0.396927, 0.876254, 0, 0.876254, -0.273181, 0.396927, 0, 0, 75.8388, 0, 1);animation-play-state:running;animation-duration:2s;animation-delay:-0.15653s" ><rect x="-4.869324277171975" y="-3.4144350872366136" width="9.73864855434395" height="6.828870174473227" fill="#d23be7" style="transform:matrix(2.28036, 0, 0, 2.28036, 0, 0);animation-play-state:running" ></rect></g></g>
<g transform="translate(227.16521497689115 0)" style="transform:matrix(1, 0, 0, 1, 227.165, 0);animation-play-state:running" ><g class="ld ld-fall" style="transform:matrix3d(-0.124997, 0.981764, 0.143234, 0, 0.143234, -0.124997, 0.981764, 0, 0.981764, 0.143234, -0.124997, 0, 0, 765.718, 0, 1);animation-play-state:running;animation-duration:2s;animation-delay:-1.58043s" ><rect x="-3.7859845077018157" y="-5.445557790414737" width="7.571969015403631" height="10.891115580829474" fill="#a3e048" style="transform:matrix(2.23216, 0, 0, 2.23216, 0, 0);animation-play-state:running" ></rect></g></g>
<g transform="translate(1027.1651700664327 0)" style="transform:matrix(1, 0, 0, 1, 1027.17, 0);animation-play-state:running" ><g class="ld ld-fall" style="transform:matrix3d(0.690443, 0.642311, -0.332754, 0, -0.332754, 0.690443, 0.642311, 0, 0.642311, -0.332754, 0.690443, 0, 0, 51.6898, 0, 1);animation-play-state:running;animation-duration:4s;animation-delay:-0.213374s" ><rect x="-4.478631225393216" y="-4.541262958378291" width="8.957262450786432" height="9.082525916756582" fill="#34bbe6" style="transform:matrix(2.58829, 0, 0, 2.58829, 0, 0);animation-play-state:running" ></rect></g></g>
<g transform="translate(216.96472167246824 0)" style="transform:matrix(1, 0, 0, 1, 216.965, 0);animation-play-state:running" ><g class="ld ld-fall" style="transform:matrix3d(-0.318848, 0.539726, 0.779122, 0, 0.779122, -0.318848, 0.539726, 0, 0.539726, 0.779122, -0.318848, 0, 0, 818.236, 0, 1);animation-play-state:running;animation-duration:4s;animation-delay:-3.37765s" ><rect x="-5.240297669655114" y="-3.7381930772377685" width="10.480595339310227" height="7.476386154475537" fill="#34bbe6" style="transform:matrix(2.43659, 0, 0, 2.43659, 0, 0);animation-play-state:running" ></rect></g></g>
<g transform="translate(1000.0734384403579 0)" style="transform:matrix(1, 0, 0, 1, 1000.07, 0);animation-play-state:running" ><g class="ld ld-fall" style="transform:matrix3d(0.866474, -0.279869, 0.413395, 0, 0.413395, 0.866474, -0.279869, 0, -0.279869, 0.413395, 0.866474, 0, 0, 289.895, 0, 1);animation-play-state:running;animation-duration:2s;animation-delay:-0.598338s" ><rect x="-5.707790921242658" y="-3.959161482753543" width="11.415581842485317" height="7.918322965507086" fill="#4355db" style="transform:matrix(1.88219, 0, 0, 1.88219, 0, 0);animation-play-state:running" ></rect></g></g>
<g transform="translate(1321.0652854171385 0)" style="transform:matrix(1, 0, 0, 1, 1321.07, 0);animation-play-state:running" ><g class="ld ld-fall" style="transform:matrix3d(0.819338, 0.485531, -0.304869, 0, -0.304869, 0.819338, 0.485531, 0, 0.485531, -0.304869, 0.819338, 0, 0, 38.7571, 0, 1);animation-play-state:running;animation-duration:4s;animation-delay:-0.159988s" ><rect x="-5.139823185491405" y="-5.629577318736414" width="10.27964637098281" height="11.259154637472829" fill="#34bbe6" style="transform:matrix(1.71408, 0, 0, 1.71408, 0, 0);animation-play-state:running" ></rect></g></g>
<g transform="translate(1097.9778728414171 0)" style="transform:matrix(1, 0, 0, 1, 1097.98, 0);animation-play-state:running" ><g class="ld ld-fall" style="transform:matrix3d(0.976414, 0.164006, -0.14042, 0, -0.14042, 0.976414, 0.164006, 0, 0.164006, -0.14042, 0.976414, 0, 0, 13.7151, 0, 1);animation-play-state:running;animation-duration:2s;animation-delay:-0.0283078s" ><rect x="-3.9725053603168297" y="-5.00277298940553" width="7.945010720633659" height="10.00554597881106" fill="#a3e048" style="transform:matrix(2.27177, 0, 0, 2.27177, 0, 0);animation-play-state:running" ></rect></g></g>
<g transform="translate(151.1137967605228 0)" style="transform:matrix(1, 0, 0, 1, 151.114, 0);animation-play-state:running" ><g class="ld ld-fall" style="transform:matrix3d(-0.0853395, 0.0933724, 0.991967, 0, 0.991967, -0.0853395, 0.0933724, 0, 0.0933724, 0.991967, -0.0853395, 0, 0, 853.345, 0, 1);animation-play-state:running;animation-duration:2s;animation-delay:-1.76129s" ><rect x="-3.280056034964764" y="-3.823842721899863" width="6.560112069929528" height="7.647685443799726" fill="#4355db" style="transform:matrix(3.08269, 0, 0, 3.08269, 0, 0);animation-play-state:running" ></rect></g></g>
<g transform="translate(835.2749260451652 0)" style="transform:matrix(1, 0, 0, 1, 835.275, 0);animation-play-state:running" ><g class="ld ld-fall" style="transform:matrix3d(-0.251997, 0.349639, 0.902358, 0, 0.902358, -0.251997, 0.349639, 0, 0.349639, 0.902358, -0.251997, 0, 0, 187.159, 0, 1);animation-play-state:running;animation-duration:4s;animation-delay:-0.772587s" ><rect x="-3.3785822408888917" y="-5.448553232862308" width="6.757164481777783" height="10.897106465724615" fill="#eb7532" style="transform:matrix(2.73476, 0, 0, 2.73476, 0, 0);animation-play-state:running" ></rect></g></g>
<g transform="translate(762.347832478646 0)" style="transform:matrix(1, 0, 0, 1, 762.348, 0);animation-play-state:running" ><g class="ld ld-fall" style="transform:matrix3d(0.790019, 0.5256, -0.315619, 0, -0.315619, 0.790019, 0.5256, 0, 0.5256, -0.315619, 0.790019, 0, 0, 687.956, 0, 1);animation-play-state:running;animation-duration:4s;animation-delay:-2.83986s" ><rect x="-5.174223897716374" y="-4.745290641342687" width="10.348447795432747" height="9.490581282685374" fill="#d23be7" style="transform:matrix(2.62176, 0, 0, 2.62176, 0, 0);animation-play-state:running" ></rect></g></g>
<g transform="translate(1704.8516683088446 0)" style="transform:matrix(1, 0, 0, 1, 1704.85, 0);animation-play-state:running" ><g class="ld ld-fall" style="transform:matrix3d(-0.326565, 0.745341, 0.581224, 0, 0.581224, -0.326565, 0.745341, 0, 0.745341, 0.581224, -0.326565, 0, 0, 800.169, 0, 1);animation-play-state:running;animation-duration:4s;animation-delay:-3.30307s" ><rect x="-5.016487791057358" y="-5.4294757776380305" width="10.032975582114716" height="10.858951555276061" fill="#a3e048" style="transform:matrix(2.35574, 0, 0, 2.35574, 0, 0);animation-play-state:running" ></rect></g></g>
<g transform="translate(1320.9427493841522 0)" style="transform:matrix(1, 0, 0, 1, 1320.94, 0);animation-play-state:running" ><g class="ld ld-fall" style="transform:matrix3d(-0.0780805, 0.0847415, 0.993339, 0, 0.993339, -0.0780805, 0.0847415, 0, 0.0847415, 0.993339, -0.0780805, 0, 0, 208.06, 0, 1);animation-play-state:running;animation-duration:2s;animation-delay:-0.429433s" ><rect x="-4.56321306896744" y="-4.836049544439188" width="9.12642613793488" height="9.672099088878376" fill="#e6261f" style="transform:matrix(3.0092, 0, 0, 3.0092, 0, 0);animation-play-state:running" ></rect></g></g>
<g transform="translate(987.3249606032947 0)" style="transform:matrix(1, 0, 0, 1, 987.325, 0);animation-play-state:running" ><g class="ld ld-fall" style="transform:matrix3d(-0.196617, 0.248026, 0.948591, 0, 0.948591, -0.196617, 0.248026, 0, 0.248026, 0.948591, -0.196617, 0, 0, 518.013, 0, 1);animation-play-state:running;animation-duration:2s;animation-delay:-1.06917s" ><rect x="-5.860529644310097" y="-4.23924438545658" width="11.721059288620195" height="8.47848877091316" fill="#eb7532" style="transform:matrix(3.39048, 0, 0, 3.39048, 0, 0);animation-play-state:running" ></rect></g></g>
<g transform="translate(1505.1981233016597 0)" style="transform:matrix(1, 0, 0, 1, 1505.2, 0);animation-play-state:running" ><g class="ld ld-fall" style="transform:matrix3d(-0.126102, 0.981408, 0.144693, 0, 0.144693, -0.126102, 0.981408, 0, 0.981408, 0.144693, -0.126102, 0, 0, 119.836, 0, 1);animation-play-state:running;animation-duration:4s;animation-delay:-0.494678s" ><rect x="-5.400885493381307" y="-4.964846497899672" width="10.801770986762614" height="9.929692995799345" fill="#34bbe6" style="transform:matrix(3.04374, 0, 0, 3.04374, 0, 0);animation-play-state:running" ></rect></g></g>
<g transform="translate(170.81752528089396 0)" style="transform:matrix(1, 0, 0, 1, 170.818, 0);animation-play-state:running" ><g class="ld ld-fall" style="transform:matrix3d(0.958358, 0.221672, -0.180031, 0, -0.180031, 0.958358, 0.221672, 0, 0.221672, -0.180031, 0.958358, 0, 0, 18.2656, 0, 1);animation-play-state:running;animation-duration:2s;animation-delay:-2.0377s" ><rect x="-3.6803775234258556" y="-3.0467857372417457" width="7.360755046851711" height="6.0935714744834915" fill="#d23be7" style="transform:matrix(2.77957, 0, 0, 2.77957, 0, 0);animation-play-state:running" ></rect></g></g>
<g transform="translate(1483.2314767987575 0)" style="transform:matrix(1, 0, 0, 1, 1483.23, 0);animation-play-state:running" ><g class="ld ld-fall" style="transform:matrix3d(0.713726, 0.617278, -0.331004, 0, -0.331004, 0.713726, 0.617278, 0, 0.617278, -0.331004, 0.713726, 0, 0, 372.534, 0, 1);animation-play-state:running;animation-duration:4s;animation-delay:-1.53781s" ><rect x="-5.207178405482377" y="-5.545042594005871" width="10.414356810964755" height="11.090085188011741" fill="#d23be7" style="transform:matrix(3.45737, 0, 0, 3.45737, 0, 0);animation-play-state:running" ></rect></g></g>
<g transform="translate(858.5587554006499 0)" style="transform:matrix(1, 0, 0, 1, 858.559, 0);animation-play-state:running" ><g class="ld ld-fall" style="transform:matrix3d(0.266769, -0.20785, 0.941081, 0, 0.941081, 0.266769, -0.20785, 0, -0.20785, 0.941081, 0.266769, 0, 0, 560.109, 0, 1);animation-play-state:running;animation-duration:4s;animation-delay:-2.31211s" ><rect x="-4.319242222031039" y="-5.842109126709872" width="8.638484444062078" height="11.684218253419743" fill="#f7d038" style="transform:matrix(2.54384, 0, 0, 2.54384, 0, 0);animation-play-state:running" ></rect></g></g>
<g transform="translate(641.4114996475973 0)" style="transform:matrix(1, 0, 0, 1, 641.411, 0);animation-play-state:running" ><g class="ld ld-fall" style="transform:matrix3d(0.44151, -0.290454, 0.848944, 0, 0.848944, 0.44151, -0.290454, 0, -0.290454, 0.848944, 0.44151, 0, 0, 573.629, 0, 1);animation-play-state:running;animation-duration:2s;animation-delay:-1.18396s" ><rect x="-3.039708919774262" y="-3.2885575484379617" width="6.079417839548524" height="6.577115096875923" fill="#d23be7" style="transform:matrix(2.55518, 0, 0, 2.55518, 0, 0);animation-play-state:running" ></rect></g></g>
<g transform="translate(35.73457527276787 0)" style="transform:matrix(1, 0, 0, 1, 35.7346, 0);animation-play-state:running" ><g class="ld ld-fall" style="transform:matrix3d(-0.262909, 0.373182, 0.889727, 0, 0.889727, -0.262909, 0.373182, 0, 0.373182, 0.889727, -0.262909, 0, 0, 185.342, 0, 1);animation-play-state:running;animation-duration:4s;animation-delay:-0.765086s" ><rect x="-5.8837972614103276" y="-4.5086982527052335" width="11.767594522820655" height="9.017396505410467" fill="#eb7532" style="transform:matrix(2.77247, 0, 0, 2.77247, 0, 0);animation-play-state:running" ></rect></g></g>
<g transform="translate(1246.042195485359 0)" style="transform:matrix(1, 0, 0, 1, 1246.04, 0);animation-play-state:running" ><g class="ld ld-fall" style="transform:matrix3d(-0.329264, 0.600934, 0.728329, 0, 0.728329, -0.329264, 0.600934, 0, 0.600934, 0.728329, -0.329264, 0, 0, 490.183, 0, 1);animation-play-state:running;animation-duration:2s;animation-delay:-1.01173s" ><rect x="-5.806596648040814" y="-3.5872623718075163" width="11.613193296081628" height="7.174524743615033" fill="#4355db" style="transform:matrix(1.68155, 0, 0, 1.68155, 0, 0);animation-play-state:running" ></rect></g></g>
<g transform="translate(1233.8731581976872 0)" style="transform:matrix(1, 0, 0, 1, 1233.87, 0);animation-play-state:running" ><g class="ld ld-fall" style="transform:matrix3d(-0.00307568, 0.999991, 0.00308517, 0, 0.00308517, -0.00307568, 0.999991, 0, 0.999991, 0.00308517, -0.00307568, 0, 0, 430.941, 0, 1);animation-play-state:running;animation-duration:4s;animation-delay:-1.77891s" ><rect x="-3.530623553754072" y="-4.41396944621421" width="7.061247107508144" height="8.82793889242842" fill="#34bbe6" style="transform:matrix(2.83263, 0, 0, 2.83263, 0, 0);animation-play-state:running" ></rect></g></g>
<g transform="translate(930.774134372685 0)" style="transform:matrix(1, 0, 0, 1, 930.774, 0);animation-play-state:running" ><g class="ld ld-fall" style="transform:matrix3d(0.992832, -0.0808527, 0.0880208, 0, 0.0880208, 0.992832, -0.0808527, 0, -0.0808527, 0.0880208, 0.992832, 0, 0, 638.455, 0, 1);animation-play-state:running;animation-duration:2s;animation-delay:-1.31776s" ><rect x="-3.4188688901290156" y="-4.328678464207463" width="6.837737780258031" height="8.657356928414925" fill="#d23be7" style="transform:matrix(2.69407, 0, 0, 2.69407, 0, 0);animation-play-state:running" ></rect></g></g>
<g transform="translate(1443.6559525618864 0)" style="transform:matrix(1, 0, 0, 1, 1443.66, 0);animation-play-state:running" ><g class="ld ld-fall" style="transform:matrix3d(-0.0422252, 0.998135, 0.0440904, 0, 0.0440904, -0.0422252, 0.998135, 0, 0.998135, 0.0440904, -0.0422252, 0, 0, 111.513, 0, 1);animation-play-state:running;animation-duration:4s;animation-delay:-0.460322s" ><rect x="-4.882163333259261" y="-5.7053357460973535" width="9.764326666518523" height="11.410671492194707" fill="#e6261f" style="transform:matrix(2.01642, 0, 0, 2.01642, 0, 0);animation-play-state:running" ></rect></g></g>
<g transform="translate(1509.7529541460497 0)" style="transform:matrix(1, 0, 0, 1, 1509.75, 0);animation-play-state:running" ><g class="ld ld-fall" style="transform:matrix3d(0.746013, -0.326443, 0.58043, 0, 0.58043, 0.746013, -0.326443, 0, -0.326443, 0.58043, 0.746013, 0, 0, 599.564, 0, 1);animation-play-state:running;animation-duration:2s;animation-delay:-3.23749s" ><rect x="-3.4938836287753885" y="-4.241810073629296" width="6.987767257550777" height="8.483620147258591" fill="#eb7532" style="transform:matrix(2.39498, 0, 0, 2.39498, 0, 0);animation-play-state:running" ></rect></g></g></g></g></svg>